1624423012966465544
1623395576707702784
1623153238928240643
1621997501476913153
1621717259449257984
1616127845515886592
1613189897237438467
1611368341335166976
1608959701617897473
1606359647585042432
1606096857020526592
1606047629791662080
1604204311436701696
1602785534522183680
1598796515648184340
1588547776404918274
1580635241663733760
1576375412099354624
1568195537551216643
1557013334532276224
1538907388555808776
1462797246248931334
1621959131983761408
1621896762901381123
1621864366168760322
1620208828594933761
1614301669428174851
1612476297719988224
1600703418758500352
1597822704442564608
1590011045128835073
1586794861801390080
1585820217480867840
1561793826552836096
1526064390176395265
1520859755547398149
1455307075752431626
1443658793229881350
1384678150622388226
1363533356680564742